{
 "cells": [
  {
   "cell_type": "code",
   "execution_count": 3,
   "metadata": {
    "collapsed": false
   },
   "outputs": [
    {
     "name": "stdout",
     "output_type": "stream",
     "text": [
      "-3 -2 5\n"
     ]
    }
   ],
   "source": [
    "a = -3\n",
    "b = 5\n",
    "c = -2\n",
    "if a<b and a<c: # a yang terkecil\n",
    "    if b<c:\n",
    "        print a, b, c\n",
    "    else:\n",
    "        print a, c, b\n",
    "elif b<a and b<c: # b yang terkecil\n",
    "    if a<c:\n",
    "        print b, a, c\n",
    "    else:\n",
    "        print b, c, a\n",
    "else: # c yang terkecil\n",
    "    if a<b:\n",
    "        print c, a, b\n",
    "    else:\n",
    "        print c, b, a"
   ]
  },
  {
   "cell_type": "code",
   "execution_count": 8,
   "metadata": {
    "collapsed": false
   },
   "outputs": [
    {
     "name": "stdout",
     "output_type": "stream",
     "text": [
      "[4, 5, 3, 2, 1, 0, 6, -2]\n",
      "[4, 3, 5, 2, 1, 0, 6, -2]\n",
      "[4, 3, 2, 5, 1, 0, 6, -2]\n",
      "[4, 3, 2, 1, 5, 0, 6, -2]\n",
      "[4, 3, 2, 1, 0, 5, 6, -2]\n",
      "[4, 3, 2, 1, 0, 5, 6, -2]\n",
      "[4, 3, 2, 1, 0, 5, -2, 6]\n",
      "\n",
      "[3, 4, 2, 1, 0, 5, -2, 6]\n",
      "[3, 2, 4, 1, 0, 5, -2, 6]\n",
      "[3, 2, 1, 4, 0, 5, -2, 6]\n",
      "[3, 2, 1, 0, 4, 5, -2, 6]\n",
      "[3, 2, 1, 0, 4, 5, -2, 6]\n",
      "[3, 2, 1, 0, 4, -2, 5, 6]\n",
      "\n",
      "[2, 3, 1, 0, 4, -2, 5, 6]\n",
      "[2, 1, 3, 0, 4, -2, 5, 6]\n",
      "[2, 1, 0, 3, 4, -2, 5, 6]\n",
      "[2, 1, 0, 3, 4, -2, 5, 6]\n",
      "[2, 1, 0, 3, -2, 4, 5, 6]\n",
      "\n",
      "[1, 2, 0, 3, -2, 4, 5, 6]\n",
      "[1, 0, 2, 3, -2, 4, 5, 6]\n",
      "[1, 0, 2, 3, -2, 4, 5, 6]\n",
      "[1, 0, 2, -2, 3, 4, 5, 6]\n",
      "\n",
      "[0, 1, 2, -2, 3, 4, 5, 6]\n",
      "[0, 1, 2, -2, 3, 4, 5, 6]\n",
      "[0, 1, -2, 2, 3, 4, 5, 6]\n",
      "\n",
      "[0, 1, -2, 2, 3, 4, 5, 6]\n",
      "[0, -2, 1, 2, 3, 4, 5, 6]\n",
      "\n",
      "[-2, 0, 1, 2, 3, 4, 5, 6]\n",
      "\n",
      "[-2, 0, 1, 2, 3, 4, 5, 6]\n"
     ]
    }
   ],
   "source": [
    "a = [5, 4, 3, 2, 1, 0, 6, -2]\n",
    "for i in range(len(a)-1, 0, -1):\n",
    "    for j in range(i):\n",
    "        if a[j] > a[j+1]:\n",
    "            a[j], a[j+1] = a[j+1], a[j]\n",
    "        print a\n",
    "    print ''\n",
    "print a"
   ]
  },
  {
   "cell_type": "code",
   "execution_count": null,
   "metadata": {
    "collapsed": true
   },
   "outputs": [],
   "source": []
  },
  {
   "cell_type": "code",
   "execution_count": 11,
   "metadata": {
    "collapsed": false
   },
   "outputs": [
    {
     "name": "stdout",
     "output_type": "stream",
     "text": [
      "120\n"
     ]
    }
   ],
   "source": [
    "total = 0\n",
    "for i in range(16):\n",
    "    total +=i\n",
    "print total"
   ]
  },
  {
   "cell_type": "code",
   "execution_count": 14,
   "metadata": {
    "collapsed": false
   },
   "outputs": [
    {
     "name": "stdout",
     "output_type": "stream",
     "text": [
      "[-2] 0 []\n",
      "[-2, 0] 1 []\n",
      "[-2, 0, 1] 2 []\n",
      "[-2, 0, 1, 2] 3 []\n",
      "[-2, 0, 1, 2, 3] 4 []\n",
      "[-2, 0, 1, 2, 3, 4] 5 [6]\n"
     ]
    },
    {
     "data": {
      "text/plain": [
       "[-2, 0, 1, 2, 3, 4, 5, 6]"
      ]
     },
     "execution_count": 14,
     "metadata": {},
     "output_type": "execute_result"
    }
   ],
   "source": [
    "a = [5, 4, 3, 2, 1, 0, 6, -2]\n",
    "\n",
    "def quicksort(angka):\n",
    "    pivot = angka[0]\n",
    "    left, right = [], []\n",
    "    for i in range(1,len(angka)):\n",
    "        if angka[i] < pivot:\n",
    "            left.append(angka[i])\n",
    "        else:\n",
    "            right.append(angka[i])\n",
    "    if len(left) > 1:\n",
    "        left = quicksort(left)\n",
    "    if len(right) > 1:\n",
    "        right = quicksort(right)\n",
    "    print left, pivot, right\n",
    "    return left + [pivot] + right\n",
    "\n",
    "quicksort(a)"
   ]
  },
  {
   "cell_type": "code",
   "execution_count": 16,
   "metadata": {
    "collapsed": false
   },
   "outputs": [
    {
     "name": "stdout",
     "output_type": "stream",
     "text": [
      "A A 0.0\n",
      "A B 3.60555127546\n",
      "A C 2.2360679775\n",
      "A D 4.0\n",
      "A E 5.0\n",
      "B A 3.60555127546\n",
      "B B 0.0\n",
      "B C 4.0\n",
      "B D 3.60555127546\n",
      "B E 2.0\n",
      "C A 2.2360679775\n",
      "C B 4.0\n",
      "C C 0.0\n",
      "C D 2.2360679775\n",
      "C E 4.472135955\n",
      "D A 4.0\n",
      "D B 3.60555127546\n",
      "D C 2.2360679775\n",
      "D D 0.0\n",
      "D E 3.0\n",
      "E A 5.0\n",
      "E B 2.0\n",
      "E C 4.472135955\n",
      "E D 3.0\n",
      "E E 0.0\n"
     ]
    }
   ],
   "source": [
    "def jarak(x1,y1, x2,y2):\n",
    "    return ((y2-y1)**2 + (x2-x1)**2) ** 0.5\n",
    "\n",
    "NODES = (('A',0,3), ('B',2,0), ('C',2,4), ('D',4,3), ('E',4,0))\n",
    "\n",
    "for start in NODES:\n",
    "    for end in NODES:\n",
    "        print start[0], end[0], jarak(start[1],start[2],end[1],end[2])"
   ]
  },
  {
   "cell_type": "code",
   "execution_count": 2,
   "metadata": {
    "collapsed": false
   },
   "outputs": [
    {
     "name": "stdout",
     "output_type": "stream",
     "text": [
      "A A 0.0\n",
      "A B 2.2360679775\n",
      "A C 2.0\n",
      "A D 2.82842712475\n",
      "A E 3.60555127546\n",
      "A F 3.0\n",
      "A G 3.60555127546\n",
      "A H 4.472135955\n",
      "A I 4.472135955\n",
      "A J 5.0\n",
      "A K 6.0\n",
      "A L 6.0827625303\n",
      "A M 6.32455532034\n",
      "A N 8.0\n",
      "A O 9.0\n",
      "A P 9.05538513814\n",
      "A Q 9.05538513814\n",
      "A R 10.0498756211\n",
      "A S 10.0\n",
      "A T 11.0453610172\n",
      "B A 2.2360679775\n",
      "B B 0.0\n",
      "B C 4.12310562562\n",
      "B D 4.12310562562\n",
      "B E 4.472135955\n",
      "B F 2.82842712475\n",
      "B G 2.0\n",
      "B H 3.0\n",
      "B I 5.0\n",
      "B J 4.472135955\n",
      "B K 5.38516480713\n",
      "B L 5.83095189485\n",
      "B M 5.0\n",
      "B N 7.28010988928\n",
      "B O 8.24621125124\n",
      "B P 8.54400374532\n",
      "B Q 8.0622577483\n",
      "B R 9.48683298051\n",
      "B S 9.21954445729\n",
      "B T 10.4403065089\n",
      "C A 2.0\n",
      "C B 4.12310562562\n",
      "C C 0.0\n",
      "C D 2.0\n",
      "C E 3.0\n",
      "C F 3.60555127546\n",
      "C G 5.0\n",
      "C H 5.65685424949\n",
      "C I 4.0\n",
      "C J 5.38516480713\n",
      "C K 6.32455532034\n",
      "C L 6.0827625303\n",
      "C M 7.21110255093\n",
      "C N 8.24621125124\n",
      "C O 9.21954445729\n",
      "C P 9.05538513814\n",
      "C Q 9.48683298051\n",
      "C R 10.0498756211\n",
      "C S 10.1980390272\n",
      "C T 11.0453610172\n",
      "D A 2.82842712475\n",
      "D B 4.12310562562\n",
      "D C 2.0\n",
      "D D 0.0\n",
      "D E 1.0\n",
      "D F 2.2360679775\n",
      "D G 4.12310562562\n",
      "D H 4.472135955\n",
      "D I 2.0\n",
      "D J 3.60555127546\n",
      "D K 4.472135955\n",
      "D L 4.12310562562\n",
      "D M 5.65685424949\n",
      "D N 6.32455532034\n",
      "D O 7.28010988928\n",
      "D P 7.07106781187\n",
      "D Q 7.61577310586\n",
      "D R 8.0622577483\n",
      "D S 8.24621125124\n",
      "D T 9.05538513814\n",
      "E A 3.60555127546\n",
      "E B 4.472135955\n",
      "E C 3.0\n",
      "E D 1.0\n",
      "E E 0.0\n",
      "E F 2.0\n",
      "E G 4.0\n",
      "E H 4.12310562562\n",
      "E I 1.0\n",
      "E J 2.82842712475\n",
      "E K 3.60555127546\n",
      "E L 3.16227766017\n",
      "E M 5.0\n",
      "E N 5.38516480713\n",
      "E O 6.32455532034\n",
      "E P 6.0827625303\n",
      "E Q 6.7082039325\n",
      "E R 7.07106781187\n",
      "E S 7.28010988928\n",
      "E T 8.0622577483\n",
      "F A 3.0\n",
      "F B 2.82842712475\n",
      "F C 3.60555127546\n",
      "F D 2.2360679775\n",
      "F E 2.0\n",
      "F F 0.0\n",
      "F G 2.0\n",
      "F H 2.2360679775\n",
      "F I 2.2360679775\n",
      "F J 2.0\n",
      "F K 3.0\n",
      "F L 3.16227766017\n",
      "F M 3.60555127546\n",
      "F N 5.0\n",
      "F O 6.0\n",
      "F P 6.0827625303\n",
      "F Q 6.0827625303\n",
      "F R 7.07106781187\n",
      "F S 7.0\n",
      "F T 8.0622577483\n",
      "G A 3.60555127546\n",
      "G B 2.0\n",
      "G C 5.0\n",
      "G D 4.12310562562\n",
      "G E 4.0\n",
      "G F 2.0\n",
      "G G 0.0\n",
      "G H 1.0\n",
      "G I 4.12310562562\n",
      "G J 2.82842712475\n",
      "G K 3.60555127546\n",
      "G L 4.24264068712\n",
      "G M 3.0\n",
      "G N 5.38516480713\n",
      "G O 6.32455532034\n",
      "G P 6.7082039325\n",
      "G Q 6.0827625303\n",
      "G R 7.61577310586\n",
      "G S 7.28010988928\n",
      "G T 8.54400374532\n",
      "H A 4.472135955\n",
      "H B 3.0\n",
      "H C 5.65685424949\n",
      "H D 4.472135955\n",
      "H E 4.12310562562\n",
      "H F 2.2360679775\n",
      "H G 1.0\n",
      "H H 0.0\n",
      "H I 4.0\n",
      "H J 2.2360679775\n",
      "H K 2.82842712475\n",
      "H L 3.60555127546\n",
      "H M 2.0\n",
      "H N 4.472135955\n",
      "H O 5.38516480713\n",
      "H P 5.83095189485\n",
      "H Q 5.09901951359\n",
      "H R 6.7082039325\n",
      "H S 6.32455532034\n",
      "H T 7.61577310586\n",
      "I A 4.472135955\n",
      "I B 5.0\n",
      "I C 4.0\n",
      "I D 2.0\n",
      "I E 1.0\n",
      "I F 2.2360679775\n",
      "I G 4.12310562562\n",
      "I H 4.0\n",
      "I I 0.0\n",
      "I J 2.2360679775\n",
      "I K 2.82842712475\n",
      "I L 2.2360679775\n",
      "I M 4.472135955\n",
      "I N 4.472135955\n",
      "I O 5.38516480713\n",
      "I P 5.09901951359\n",
      "I Q 5.83095189485\n",
      "I R 6.0827625303\n",
      "I S 6.32455532034\n",
      "I T 7.07106781187\n",
      "J A 5.0\n",
      "J B 4.472135955\n",
      "J C 5.38516480713\n",
      "J D 3.60555127546\n",
      "J E 2.82842712475\n",
      "J F 2.0\n",
      "J G 2.82842712475\n",
      "J H 2.2360679775\n",
      "J I 2.2360679775\n",
      "J J 0.0\n",
      "J K 1.0\n",
      "J L 1.41421356237\n",
      "J M 2.2360679775\n",
      "J N 3.0\n",
      "J O 4.0\n",
      "J P 4.12310562562\n",
      "J Q 4.12310562562\n",
      "J R 5.09901951359\n",
      "J S 5.0\n",
      "J T 6.0827625303\n",
      "K A 6.0\n",
      "K B 5.38516480713\n",
      "K C 6.32455532034\n",
      "K D 4.472135955\n",
      "K E 3.60555127546\n",
      "K F 3.0\n",
      "K G 3.60555127546\n",
      "K H 2.82842712475\n",
      "K I 2.82842712475\n",
      "K J 1.0\n",
      "K K 0.0\n",
      "K L 1.0\n",
      "K M 2.0\n",
      "K N 2.0\n",
      "K O 3.0\n",
      "K P 3.16227766017\n",
      "K Q 3.16227766017\n",
      "K R 4.12310562562\n",
      "K S 4.0\n",
      "K T 5.09901951359\n",
      "L A 6.0827625303\n",
      "L B 5.83095189485\n",
      "L C 6.0827625303\n",
      "L D 4.12310562562\n",
      "L E 3.16227766017\n",
      "L F 3.16227766017\n",
      "L G 4.24264068712\n",
      "L H 3.60555127546\n",
      "L I 2.2360679775\n",
      "L J 1.41421356237\n",
      "L K 1.0\n",
      "L L 0.0\n",
      "L M 3.0\n",
      "L N 2.2360679775\n",
      "L O 3.16227766017\n",
      "L P 3.0\n",
      "L Q 3.60555127546\n",
      "L R 4.0\n",
      "L S 4.12310562562\n",
      "L T 5.0\n",
      "M A 6.32455532034\n",
      "M B 5.0\n",
      "M C 7.21110255093\n",
      "M D 5.65685424949\n",
      "M E 5.0\n",
      "M F 3.60555127546\n",
      "M G 3.0\n",
      "M H 2.0\n",
      "M I 4.472135955\n",
      "M J 2.2360679775\n",
      "M K 2.0\n",
      "M L 3.0\n",
      "M M 0.0\n",
      "M N 2.82842712475\n",
      "M O 3.60555127546\n",
      "M P 4.24264068712\n",
      "M Q 3.16227766017\n",
      "M R 5.0\n",
      "M S 4.472135955\n",
      "M T 5.83095189485\n",
      "N A 8.0\n",
      "N B 7.28010988928\n",
      "N C 8.24621125124\n",
      "N D 6.32455532034\n",
      "N E 5.38516480713\n",
      "N F 5.0\n",
      "N G 5.38516480713\n",
      "N H 4.472135955\n",
      "N I 4.472135955\n",
      "N J 3.0\n",
      "N K 2.0\n",
      "N L 2.2360679775\n",
      "N M 2.82842712475\n",
      "N N 0.0\n",
      "N O 1.0\n",
      "N P 1.41421356237\n",
      "N Q 1.41421356237\n",
      "N R 2.2360679775\n",
      "N S 2.0\n",
      "N T 3.16227766017\n",
      "O A 9.0\n",
      "O B 8.24621125124\n",
      "O C 9.21954445729\n",
      "O D 7.28010988928\n",
      "O E 6.32455532034\n",
      "O F 6.0\n",
      "O G 6.32455532034\n",
      "O H 5.38516480713\n",
      "O I 5.38516480713\n",
      "O J 4.0\n",
      "O K 3.0\n",
      "O L 3.16227766017\n",
      "O M 3.60555127546\n",
      "O N 1.0\n",
      "O O 0.0\n",
      "O P 1.0\n",
      "O Q 1.0\n",
      "O R 1.41421356237\n",
      "O S 1.0\n",
      "O T 2.2360679775\n",
      "P A 9.05538513814\n",
      "P B 8.54400374532\n",
      "P C 9.05538513814\n",
      "P D 7.07106781187\n",
      "P E 6.0827625303\n",
      "P F 6.0827625303\n",
      "P G 6.7082039325\n",
      "P H 5.83095189485\n",
      "P I 5.09901951359\n",
      "P J 4.12310562562\n",
      "P K 3.16227766017\n",
      "P L 3.0\n",
      "P M 4.24264068712\n",
      "P N 1.41421356237\n",
      "P O 1.0\n",
      "P P 0.0\n",
      "P Q 2.0\n",
      "P R 1.0\n",
      "P S 1.41421356237\n",
      "P T 2.0\n",
      "Q A 9.05538513814\n",
      "Q B 8.0622577483\n",
      "Q C 9.48683298051\n",
      "Q D 7.61577310586\n",
      "Q E 6.7082039325\n",
      "Q F 6.0827625303\n",
      "Q G 6.0827625303\n",
      "Q H 5.09901951359\n",
      "Q I 5.83095189485\n",
      "Q J 4.12310562562\n",
      "Q K 3.16227766017\n",
      "Q L 3.60555127546\n",
      "Q M 3.16227766017\n",
      "Q N 1.41421356237\n",
      "Q O 1.0\n",
      "Q P 2.0\n",
      "Q Q 0.0\n",
      "Q R 2.2360679775\n",
      "Q S 1.41421356237\n",
      "Q T 2.82842712475\n",
      "R A 10.0498756211\n",
      "R B 9.48683298051\n",
      "R C 10.0498756211\n",
      "R D 8.0622577483\n",
      "R E 7.07106781187\n",
      "R F 7.07106781187\n",
      "R G 7.61577310586\n",
      "R H 6.7082039325\n",
      "R I 6.0827625303\n",
      "R J 5.09901951359\n",
      "R K 4.12310562562\n",
      "R L 4.0\n",
      "R M 5.0\n",
      "R N 2.2360679775\n",
      "R O 1.41421356237\n",
      "R P 1.0\n",
      "R Q 2.2360679775\n",
      "R R 0.0\n",
      "R S 1.0\n",
      "R T 1.0\n",
      "S A 10.0\n",
      "S B 9.21954445729\n",
      "S C 10.1980390272\n",
      "S D 8.24621125124\n",
      "S E 7.28010988928\n",
      "S F 7.0\n",
      "S G 7.28010988928\n",
      "S H 6.32455532034\n",
      "S I 6.32455532034\n",
      "S J 5.0\n",
      "S K 4.0\n",
      "S L 4.12310562562\n",
      "S M 4.472135955\n",
      "S N 2.0\n",
      "S O 1.0\n",
      "S P 1.41421356237\n",
      "S Q 1.41421356237\n",
      "S R 1.0\n",
      "S S 0.0\n",
      "S T 1.41421356237\n",
      "T A 11.0453610172\n",
      "T B 10.4403065089\n",
      "T C 11.0453610172\n",
      "T D 9.05538513814\n",
      "T E 8.0622577483\n",
      "T F 8.0622577483\n",
      "T G 8.54400374532\n",
      "T H 7.61577310586\n",
      "T I 7.07106781187\n",
      "T J 6.0827625303\n",
      "T K 5.09901951359\n",
      "T L 5.0\n",
      "T M 5.83095189485\n",
      "T N 3.16227766017\n",
      "T O 2.2360679775\n",
      "T P 2.0\n",
      "T Q 2.82842712475\n",
      "T R 1.0\n",
      "T S 1.41421356237\n",
      "T T 0.0\n"
     ]
    }
   ],
   "source": [
    "NODES = (\n",
    "    ('A',0,4),\n",
    "    ('B',1,6),\n",
    "    ('C',0,2),\n",
    "    ('D',2,2),\n",
    "    ('E',3,2),\n",
    "    ('F',3,4),\n",
    "    ('G',3,6),\n",
    "    ('H',4,6),\n",
    "    ('I',4,2),\n",
    "    ('J',5,4),\n",
    "    ('K',6,4),\n",
    "    ('L',6,3),\n",
    "    ('M',6,6),\n",
    "    ('N',8,4),\n",
    "    ('O',9,4),\n",
    "    ('P',9,3),\n",
    "    ('Q',9,5),\n",
    "    ('R',10,3),\n",
    "    ('S',10,4),\n",
    "    ('T',11,3)\n",
    ")\n",
    "\n",
    "def jarak(x1,y1,x2,y2):\n",
    "    return ((y2-y1)**2 + (x2-x1)**2) ** 0.5\n",
    "\n",
    "for i in range(len(NODES)):\n",
    "    for j in range(len(NODES)):\n",
    "        start, end = NODES[i], NODES[j]\n",
    "        start_name, end_name = start[0], end[0]\n",
    "        x1,y1,x2,y2 = start[1], start[2], end[1], end[2]\n",
    "        print start_name, end_name, jarak(x1,y1,x2,y2)"
   ]
  },
  {
   "cell_type": "code",
   "execution_count": 4,
   "metadata": {
    "collapsed": false
   },
   "outputs": [
    {
     "name": "stdout",
     "output_type": "stream",
     "text": [
      "Tidak ketemu angka  0  dalam  9  langkah \n",
      "Ketemu  1  dalam  1  langkah\n",
      "Tidak ketemu angka  2  dalam  9  langkah \n",
      "Ketemu  3  dalam  2  langkah\n",
      "Tidak ketemu angka  4  dalam  9  langkah \n",
      "Ketemu  5  dalam  3  langkah\n",
      "Ketemu  6  dalam  4  langkah\n",
      "Ketemu  7  dalam  5  langkah\n",
      "Tidak ketemu angka  8  dalam  9  langkah \n",
      "Ketemu  9  dalam  6  langkah\n",
      "Ketemu  10  dalam  7  langkah\n",
      "Tidak ketemu angka  11  dalam  9  langkah \n",
      "Ketemu  12  dalam  8  langkah\n",
      "Tidak ketemu angka  13  dalam  9  langkah \n"
     ]
    }
   ],
   "source": [
    "a = [1,3,5,6,7,9,10,12]\n",
    "\n",
    "def search(angka, cari):\n",
    "    langkah = 1\n",
    "    ketemu = False\n",
    "    for i in range(len(angka)):\n",
    "        if angka[i] == cari:\n",
    "            print \"Ketemu \", cari, \" dalam \", langkah, \" langkah\"\n",
    "            ketemu = True\n",
    "            break;\n",
    "        langkah +=1\n",
    "    if not ketemu:\n",
    "        print \"Tidak ketemu angka \", cari, \" dalam \", langkah, \" langkah \"\n",
    "\n",
    "for i in range(14):\n",
    "    search(a, i)\n"
   ]
  },
  {
   "cell_type": "code",
   "execution_count": 9,
   "metadata": {
    "collapsed": false
   },
   "outputs": [
    {
     "name": "stdout",
     "output_type": "stream",
     "text": [
      "[1, 2, 3, 4, 5, 6, 7, 8, 9, 10]\n",
      "[1, 2, 3, 4, 5]\n",
      "[6, 7, 8, 9, 10]\n",
      "Tidak ketemu dalam  5  langkah\n"
     ]
    }
   ],
   "source": [
    "a = [1,2,3,4,5,6,7,8,9,10]\n",
    "a1 = a[0:len(a)/2]\n",
    "a2 = a[len(a)/2:]\n",
    "print a\n",
    "print a1\n",
    "print a2\n",
    "\n",
    "langkah = 0\n",
    "cari = 5\n",
    "for i in range(max(len(a1), len(a2))):\n",
    "    ketemu = False\n",
    "    if cari == a1[i] and i < len(a1)-1:\n",
    "        ketemu = True\n",
    "        print \"Ketemu dalam \", langkah, \" langkah\"\n",
    "    if cari == a2[i] and i < len(a2)-1:\n",
    "        ketemu = True\n",
    "        print \"Ketemu dalam \", langkah, \" langkah\"\n",
    "    langkah += 1\n",
    "if not ketemu:\n",
    "    print \"Tidak ketemu dalam \", langkah, \" langkah\""
   ]
  },
  {
   "cell_type": "code",
   "execution_count": 11,
   "metadata": {
    "collapsed": false
   },
   "outputs": [
    {
     "name": "stdout",
     "output_type": "stream",
     "text": [
      "Tidak ketemu  0  dalam  4  langkah\n",
      "Ketemu  1  dalam  4  langkah\n",
      "Ketemu  2  dalam  3  langkah\n",
      "Ketemu  3  dalam  2  langkah\n",
      "Ketemu  4  dalam  4  langkah\n",
      "Ketemu  5  dalam  3  langkah\n",
      "Ketemu  6  dalam  1  langkah\n",
      "Ketemu  7  dalam  4  langkah\n",
      "Ketemu  8  dalam  3  langkah\n",
      "Ketemu  9  dalam  2  langkah\n",
      "Ketemu  10  dalam  3  langkah\n",
      "Tidak ketemu  11  dalam  3  langkah\n"
     ]
    }
   ],
   "source": [
    "a = [1,2,3,4,5,6,7,8,9,10]\n",
    "def binary_search(a, cari, langkah = 1):\n",
    "    index = len(a)/2\n",
    "    pivot = a[index]\n",
    "    left = a[0:index]\n",
    "    right = a[index+1:]\n",
    "    if cari == pivot:\n",
    "        print \"Ketemu \",cari, \" dalam \", langkah, \" langkah\"\n",
    "    elif cari < pivot and len(left) > 0:\n",
    "        binary_search(left, cari, langkah+1)\n",
    "    elif cari > pivot and len(right) > 0:\n",
    "        binary_search(right, cari, langkah + 1)\n",
    "    else:\n",
    "        print \"Tidak ketemu \", cari, \" dalam \", langkah, \" langkah\"\n",
    "\n",
    "for i in range(12):\n",
    "    binary_search(a, i)"
   ]
  }
 ],
 "metadata": {
  "kernelspec": {
   "display_name": "Python 2",
   "language": "python",
   "name": "python2"
  },
  "language_info": {
   "codemirror_mode": {
    "name": "ipython",
    "version": 2
   },
   "file_extension": ".py",
   "mimetype": "text/x-python",
   "name": "python",
   "nbconvert_exporter": "python",
   "pygments_lexer": "ipython2",
   "version": "2.7.10"
  }
 },
 "nbformat": 4,
 "nbformat_minor": 0
}
